training:
  GAMMA: 0.99
  LR: 0.001
  EPSILON_START: 1.0
  EPSILON_END: 0.05
  EPSILON_DECAY: 0.995
  BATCH_SIZE: 64
  MEMORY_SIZE: 10000
  NUM_EPISODES: 500
  MAX_STEPS: 500

environment:
  initial_time: 0
  final_time: 5500

  bodies_to_propagate:
    primary: [ 3.75944379e+05, 6.08137408e+06, 3.28340214e+06, -5.32161464e+03, -2.32172417e+03,  4.89152047e+03]
    debris1: [ 3.75944379e+05, 6.08137408e+06, 3.28340214e+06,  5.32161464e+03,  2.32172417e+03, -4.89152047e+03]

