training:
  total_timesteps: 1e+5
  timesteps_per_episode: 500
  timesteps_per_batch: 100
  gamma: 0.95
  updates_per_iteration: 5
  lr_actor: 5e-3
  lr_critic: 5e-3

environment:
  initial_time: 0
  final_time: 5500

  bodies_to_propagate:
    primary: 
      X0: [ 3.75944379e+05,  6.08137408e+06,  3.28340214e+06, -5.32161464e+03, -2.32172417e+03, 4.89152047e+03]
      mass: 260.
      area: 17.5
      Cd: 2.2
      Cr: 1.3

    secondary: 
      X0: [ 3.30312011e+06, -2.69542170e+06, -5.71365135e+06, -4.06029364e+03, -6.22037456e+03, 9.09217382e+02]
      mass: 100.
      area: 1.
      Cd: 2.2
      Cr: 1.3